1
1804289383
1
846930886
1
1681692777
1
1714636915
1
1957747793
1
424238335
1
719885386
1
1649760492
1
596516649
1
1189641421
1
1025202362
1
1350490027
1
783368690
1
1102520059
1
2044897763
1
1967513926
1
1365180540
1
1540383426
1
304089172
1
1303455736
1
35005211
1
521595368
1
294702567
1
1726956429
1
336465782
1
861021530
1
278722862
1
233665123
1
2145174067
1
468703135
1
1101513929
1
1801979802
1
1315634022
1
635723058
1
1369133069
1
1125898167
1
1059961393
1
2089018456
1
628175011
1
1656478042
1
1131176229
1
1653377373
1
859484421
1
1914544919
1
608413784
1
756898537
1
1734575198
1
1973594324
1
149798315
1
2038664370
2
1129566413
2
184803526
2
412776091
2
1424268980
2
1911759956
2
749241873
2
137806862
2
42999170
2
982906996
2
135497281
3
511702305
3
2084420925
3
1937477084
3
1827336327
3
572660336
3
1159126505
3
805750846
3
1632621729
3
1100661313
3
1433925857
3
1141616124
3
84353895
3
939819582
3
2001100545
3
1998898814
3
1548233367
3
610515434
3
1585990364
3
1374344043
3
760313750
3
1477171087
3
356426808
3
945117276
3
1889947178
3
1780695788
3
709393584
3
491705403
3
1918502651
3
752392754
3
1474612399
3
2053999932
3
1264095060
3
1411549676
3
1843993368
3
943947739
3
1984210012
3
855636226
3
1749698586
3
1469348094
3
1956297539
3
1036140795
3
463480570
3
2040651434
3
1975960378
3
317097467
3
1892066601
3
1376710097
3
927612902
3
1330573317
3
603570492
3
1687926652
3
660260756
3
959997301
3
485560280
3
402724286
3
593209441
3
1194953865
3
894429689
3
364228444
3
1947346619
3
221558440
3
270744729
3
1063958031
3
1633108117
3
2114738097
3
2007905771
3
1469834481
3
822890675
3
1610120709
3
791698927
3
631704567
3
498777856
3
1255179497
3
524872353
3
327254586
3
1572276965
3
269455306
3
1703964683
3
352406219
3
1600028624
3
160051528
3
2040332871
3
112805732
3
1120048829
3
378409503
3
515530019
3
1713258270
3
1573363368
3
1409959708
3
2077486715
3
1373226340
3
1631518149
3
200747796
3
289700723
3
1117142618
3
168002245
3
150122846
3
439493451
3
990892921
3
1760243555
0
